-6056.448902737537
-8397.970027598503
-4351.501177856991
-4689.470776671261
-3928.8504014308733
-1791.839144645667
-1696.4380456099836
-1867.2411615439694
-1708.1833456548968
-1065.9110386995105
-1282.6963191847415
-2930.6134425055366
-1504.2104023905288
-2827.8434101790344
-1408.0943169273794
-1229.7109828461478
-1975.9945223973943
-560.1783656507654
-633.1491209273197
-1296.3090645713182
-938.2765125912189
-1160.0325526519277
-1482.5013499455176
-1123.1103280167415
-722.5738663713287
-970.2820673779221
-1170.5938591322358
-867.8007546249183
-1060.8246457434032
-1261.8071932066132
-1021.072553630269
-854.8288680217656
-971.918734726192
-1152.8507741960657
-794.9642466062774
-515.6667769996147
-1401.3515326970994
-784.0642721108406
-896.6255197930743
-1649.4572346473815
-868.1278511121241
-697.312064925529
-668.9026119569655
-665.5034464976904
-1204.5866861727386
-855.2497758904804
-827.3962498716407
-1221.650462344584
-677.2087103793565
-736.4574589128073
-830.2489869904314
-639.5310977655902
-1885.873539576363
-827.6825645864512
-772.7537731975933
-745.7814075710444
-771.5736951071228
-1503.5345596030716
-564.349078401394
-1144.8773103688407
-1599.2689653446023
-807.9802680091575
-1098.7161594148229
-855.6797196502034
-643.8294720940856
-695.5363100266546
-1526.2888548848296
-889.949751731082
-775.1295165877508
-735.0215513851911
-686.2313916023285
-1514.3431677220049
-897.7906641965882
-870.4586069260728
-953.1188681365895
-624.551331855322
-985.4873437739168
-619.0579464718743
-711.1974827787325
-882.2977476372854
-895.4336014447538
-1333.9086580233895
-585.4467362830804
-706.5390987987663
-1014.980847971663
-980.8061405939866
-832.8842899484343
-561.9040742686727
-481.73257327238
-1036.0662378974237
-618.6463230162597
-949.1265190442942
-735.0020585380039
-755.8731354245241
-1010.1873162953418
-849.3036595359358
-1180.4141404444833
-1061.679546739853
-1282.070058035121
-591.357704830496
-602.088205483091
-940.3609284853736
-817.7970950752991
-613.8189521276302
-803.94464018033
-655.3712090162269
-1165.5181583976985
-619.8554892538993
-597.7835627009355
-732.5988438605012
-1114.449876514061
-921.4599241140243
-928.2489958212055
-1860.5464793906406
-518.0401310921814
-636.6915711303166
-487.7410703717586
-866.0021880173608
-792.066632446085
-594.0468844425675
-1007.1394756164353
-594.3460219914197
-832.7318028083366
-708.3637195398486
-498.4514924100762
-744.541101157584
-697.2005726073937
-1021.6200089345934
-529.7162462128798
-585.3791025099283
-519.0280545505011
-683.2912862404961
-573.0441505279078
-1402.4424646294892
-915.8181340254563
-787.2922677508132
-3238.9909808578354
-1102.9950193288262
-825.7526906480565
-2629.306858030261
-827.7325310356614
-574.3135432943685
-524.3816219621283
-1016.5624139684868
-833.4406620260565
-747.2968653289648
-604.7023147795239
-521.8030119882638
-545.1393779366936
-568.1011918870363
-982.3238004522763
-1037.8325247680132
-963.6558255746379
-576.8095951007957
-773.6653238707498
-962.9896332248132
-1202.8937249554583
-559.0804324100652
-1123.1161716204474
-525.5343719595056
-516.6597809712308
-1119.3155293978298
-889.609576737643
-465.71560936529835
-466.5905233102731
-521.1607243987594
-778.6268100335399
-682.6634299768868
-667.4833529124921
-657.6600202070297
-597.8655750853578
-535.5788866921879
-632.2716807475191
-567.4242382975563
-804.7304049366743
-640.5227560966085
-643.9067771290735
-378.3163933453173
-827.0884351074149
-1668.7404147110542
-577.3977349232014
-504.5406906940443
-740.6175375246764
-541.0102306533461
-674.1759816820398
-517.0435334144938
-615.697940412286
-1460.503285494052
-493.3222187535172
-438.39759711356777
-492.0748233993115
-493.8886679293416
-481.6412201650322
-544.6162061591423
-612.4632019409885
-608.8327942675668
-425.97799378554816
-575.9113234920978
-720.7910767537505
-561.224119946254
-482.7858868322011
-544.9851923312838
-781.4180554641423
-494.98519724185593
-555.398617340147
-701.4535524669159
-773.18971117101
-559.4587562938959
-679.914696777451
-416.0469878014752
-598.0525102486513
-602.4712151967902
-588.4458601914279
-456.3157420517933
-769.5744567385386
-406.8499342455222
-553.8981212043846
-392.6177713412045
-562.0481193014999
-599.8807271302742
-562.8547652330963
-685.9963089447322
-385.99043034250894
-671.6785828903187
-777.9853760457084
-448.5559430189568
-448.0600178226787
-515.5106820938427
-438.8087709256122
-781.5890385897028
-415.66627046995904
-834.1759160223114
-1304.8836984518175
-1093.279995964805
-626.7582149737545
-470.7632593562081
-865.9536713080666
-599.6801005829673
-752.6791118767437
-374.33974724360405
-819.5703146241634
-789.1763638918237
-514.511869137477
-551.8465393362246
-517.7600634795942
-446.2868285805813
-536.2703635320935
-561.9146434274909
-468.6587316046547
-504.61163845170177
-508.89461284880105
-505.646042282989
-871.3878758056428
-545.8915013250515
-607.5819058037434
-406.38419690723015
-405.44535141759224
-561.1897002962924
-406.20040058479265
-489.6610409998347
-397.998437256892
-511.64369786969877
-698.7229794190139
-513.1050822284136
-512.3946225700668
-495.7261056066737
-516.5309111152728
-915.5299476361374
-501.9655791734922
-553.3283358276078
-598.273703842525
-601.945612766387
-728.619705114799
-780.8017235348657
-684.2142849389423
-415.78969033823915
-381.0276340586122
-394.6686398634776
-612.8440996695214
-396.8762488279061
-7275.284695140568
-605.9697654621013
-464.4989914564708
-910.4006742084006
-704.3061447217235
-526.2833626279192
-1043.586614557534
-696.0163074213071
-591.8176026853561
-373.5998009505706
-613.2421609666367
-367.76523929341613
-597.5102162367825
-477.17861416500045
-422.46938426574286
-725.3253899363716
-390.2728945192276
-694.7401915079231
-424.23624681623244
-595.7856279622557
-606.341610331234
-421.926612470941
-634.5882641958617
-371.53407029546025
-675.1927908879388
-808.9695849592856
-569.5665117612037
-398.76438834682875
-505.04593362867166
-450.1838241703175
-504.9220319974035
-407.5363488760898
-496.000594628234
-529.5232688289859
-507.5619280188567
-804.6995925381212
-374.21246112879896
-377.2903279899119
-671.6372043406573
-758.532015894937
-590.6772290288966
-541.0638931115475
-784.1002136468542
-620.3178934106564
-714.6731907877585
-816.4335465431029
-718.3286642863558
-495.2639031521415
-419.927141825735
-390.89190504484554
-485.3609200361526
-396.3584620682222
-514.7861657743821
-500.61404574978235
-498.30103183529855
-616.8024127387397
-569.5530904141475
-430.67747596128686
-611.8511258249703
-397.4509494095479
-744.4586075903632
-477.5826408241361
-412.7077819409292
-582.0115393269748
-595.0067800188692
-656.5902425916247
-932.4649643271115
-827.8042710915737
-700.2187034453
-476.490667236219
-385.71220962548296
-370.6778197355464
-497.915889703325
-667.5271845167106
-509.519706227276
-387.36364016372477
-398.2763879804417
-406.36199965836215
-464.2373365348342
-387.97943950043486
-385.84363637122215
-477.11411244262155
-405.0280283566444
-642.3565251717627
-385.91435110282407
-502.08322516879
-372.7037109419183
-367.2706543888965
-644.553337662947
-794.7591851455873
-856.7968164770941
-613.0445196254756
-618.1745377183065
-445.64401437530574
-507.46064916639614
-596.7108661033384
-916.711397033288
-480.0210337073585
-874.2204494804744
-702.0074507110676
-398.7518464241178
-610.7823836746014
-566.3343157964337
-1001.8449337592982
-476.1223135267483
-382.3891745940675
-394.96617037499743
-525.0777403076197
-505.3149999259497
-554.0523768993083
-482.560197613956
-446.0249564873295
-379.97238212090076
-525.047280102404
-392.0803273644601
-294.8477926827302
-473.9204529884822
-483.3684820618183
-536.9836915534688
-393.02821086392566
-382.2520939762536
-870.059528045142
-599.1261234541013
-507.5280497761589
-427.2607293611236
-539.2383965760879
-836.6433862833867
-704.775092890778
-647.4670935341669
-405.5112727411961
-432.10792963430254
-394.4799247891309
-555.1140191821354
-453.79910282693317
-585.3436687804844
-469.3342871145349
-413.2328128794704
-416.51436159380336
-469.9006424894917
-733.1465588152016
-491.87815196821737
-766.2328453001945
-407.1517476161368
-519.8893795545466
-424.615911950729
-313.72216063718224
-646.3841107692575
-414.74929116427893
-618.6406526890539
-493.24289725413337
-463.9993483454648
-468.7099626237234
-477.64097312667093
-762.5132728274862
-426.35986107630697
-536.520185248203
-620.485660338831
-628.4321305373612
-596.1745312242488
-651.7201538656686
-418.86192115984744
-738.4035663581348
-399.0048673224296
-544.3982832548015
-396.17006612343266
-382.566474702562
-420.9641432882087
-534.2765074228482
-313.4000214290797
-410.9717269422573
-346.69759059666217
-1418.0798466507802
-543.6966848150619
-424.41893510250975
-756.5960783682441
-385.35127993326967
-381.9812350631135
-295.52670494132553
-559.384472924405
-603.9466491677915
-597.3203812507629
-526.178678372343
-321.5066592887506
-463.8207100813705
-506.41609765180505
-512.3420824265608
-509.8409203812412
-419.4001049554411
-296.261923934092
-463.2885470841053
-421.8973804863957
-736.3322518970356
-383.933108811971
-474.66615772457067
-450.6097710416933
-405.98865388260145
-370.7417110451749
-372.6991577162952
-402.7634703966446
-458.9741680374453
-517.3128650782317
-462.199194236373
-513.212404267179
-503.01734560684304
-397.9179598915018
-591.1711939296177
-543.4127670860154
-453.67479791524465
-554.726861273137
-433.6633741054803
-563.5885927511566
-321.964938665233
-387.9097538606052
-387.9343246709016
-308.45572695910545
-487.0594063825512
-420.38505327664456
-391.14028981479936
-558.8950343493605
-418.52831985072896
-502.543643459874
-601.6195217760924
-514.8751856889343
-657.1794891216873
-305.36206896729277
-402.02888442462137
-617.39565426517
-307.3648934674198
-515.3561675048852
-406.24933185941126
-384.85546585923794
-495.7953052640047
-700.8005936316772
-663.8336363622201
-422.47671974035734
-600.66073333119
-615.5493696604051
-531.4639629138326
-393.1844781389304
-320.2360513012241
-366.3464193671087
-832.6708977181447
-385.13407588441265
-506.2693984323597
-393.10613443969845
-774.2282581333309
-323.0918015013501
-405.56245894426405
-390.1134159798663
-429.481683469242
-619.3309869965267
-416.8272543195461
-413.2547413192508
-592.8736898759739
-517.2311168458996
-502.3004048553686
-429.32908769069127
-533.7677060618103
-402.24322538134004
-383.98436454910376
-591.2018093209173
-637.7729580301717
-766.3177962685016
-526.0243880526575
-639.018161923606
-295.0559498089806
-1103.495297389569
-377.35618633680775
-699.2069760461121
-623.4616405175976
-397.9575020413888
-399.5194430851415
-390.9179473881361
-712.0346132535774
-421.7443329588389
-581.064607815747
-330.7108669985958
-324.3146767728218
-445.98949530437085
-385.41920121292964
-318.2723928903594
-380.82131658977204
-304.68497089882146
-415.8706058794211
-430.7628727554472
-441.2531444971428
-371.6481753955249
-388.95665292536034
-394.0445733759671
-470.24713857767944
-398.2881913806078
-530.0331954291553
-514.5738235658004
-410.8878278822767
-420.353425168919
-465.08200577153457
-547.1796748965445
-515.9273600613724
-422.90625452878635
-557.9699226862846
-360.2309752303396
-381.85223133959545
-525.2646630656003
-378.00745774552803
-522.1217047791849
-311.5896552089908
-384.37681715801614
-760.6168976448524
-414.6360486436913
-768.4030768164279
-701.9907827821172
-404.45479653376947
-510.5524470841323
-494.88372026441874
-528.1839289068048
-531.7430344306745
-320.1034113144277
-384.12987653539034
-404.0031034022448
-367.29689633922936
-364.72732802752836
-310.51144098958974
-409.9926619320936
-634.0958993453211
-319.2284960959644
-496.8698558804857
-509.8219435434983
-1103.7780331026697
-418.3451096976643
-596.2277678726618
-593.461583175189
-394.45538146393767
-636.811283560544
-422.60053510661817
-395.93309458251167
-526.4848557548971
-367.75855041568803
-371.5801385800198
-315.4825546338013
-380.7309725405314
-462.39131666118544
-412.2953453349924
-593.4172526447635
-480.1933554068265
-613.2768175892719
-420.33328935307
-615.380028752707
-361.3702170807351
-337.6865586283156
-391.23244517050796
-401.93949206246833
-389.91765186692265
-592.2935707356446
-390.8590722017051
-541.0137819366015
-594.8533595369755
-406.40858892002115
-721.1183780011715
-389.22310589832256
-441.4123390599272
-523.1097665783399
-558.0045777711022
-595.7809940023776
-582.7043493332258
-399.7349171490312
-599.4684906250991
-691.58919084374
-800.460984481303
-395.37823415666514
-391.8162662752368
-671.0836125754472
-637.0150884760983
-387.26266670735464
-384.9959096675001
-549.2723130591909
-621.7155175422843
-401.0146133851067
-639.1601496967253
-386.18580747483725
-317.8300544219086
-1113.4714681861744
-399.53130560972403
-728.2780814276176
-579.9147215691081
-424.46313740824314
-386.8940769141421
-531.8948350795237
-319.40067656685625
-578.4811900193531
-641.8856177508679
-746.2519331951827
-442.24932937521027
-403.9054690363542
-388.03609244888264
-408.26705721719156
-607.6405159426752
-500.0755208894644
-375.8335663743564
-418.4685925760113
-638.2234904764094
-658.0078674830585
-387.7012151814433
-503.14000608917297
-396.52447805789876
-621.1776446484273
-445.6360321719029
-498.23077425090685
-646.4952338014989
-634.6609675147048
-380.27404816126943
-425.62728903152845
-764.74865791839
-640.0577293967982
-576.1952500169548
-306.7032663892407
-380.3827167873002
-837.3726250209504
-381.7625562348586
-478.6459141167648
-509.41681642210204
-411.7161898157472
-459.04812824097087
-394.6096256811065
-522.7859015476083
-393.8907980116237
-463.8456096437046
-304.88749586804755
-607.5362000124386
-606.8951517109426
-404.6031268927852
-490.6340598440986
-392.96358454263896
-399.02812029927117
-416.83958252415306
-413.60416368641074
-427.8499151774945
-637.6637920761241
-614.1950825116547
-800.1736528799203
-515.7601002845822
-564.5632657924094
-509.419241787421
-381.9337698428449
-381.06294301360845
-401.65915174846475
-597.8019351670473
-695.275217458199
-769.1241888205651
-331.76039490230954
-492.183933331499
-416.8653964748627
-380.8296674593046
-552.0238522552363
-331.3703419343549
-649.1945589024017
-476.7508476785438
-308.7945120478173
-399.0379900047906
-401.03244965509236
-403.0956478671206
-608.8014525097168
-480.12143202526545
-729.9361792762452
-305.922331948456
-585.4482357421817
-509.7158316158893
-528.3740202217984
-386.0760022584284
-509.091591781003
-767.6909299234826
-693.767247220133
-371.42693501663257
-389.92157061690665
-411.3178679876769
-325.38457640736567
-396.31359613067804
-314.68623499044253
-311.06487471898083
-633.7378382480812
-391.94449749602126
-403.84384041075316
-392.42421202684625
-453.52145454928666
-393.5339119333114
-307.08705777417356
-698.7347354808469
-507.8103638998724
-405.814145435716
-439.6619969593382
-584.9857512263878
-815.4113720041937
-439.9738388700849
-329.8957849555112
-401.8842887382263
-389.88264888279923
-612.8353440378576
-494.67214068880025
-375.0886724769485
-526.4307537072332
-615.7864725324747
-403.76842280446425
-315.37472417980746
-315.78257206327953
-402.61425437992887
-480.2980705261725
-543.4495354110217
-533.8214790154437
-617.6402563295449
-624.0550156911864
-432.28678930279136
-322.39761701478585
-510.744109316806
-389.8137922713175
-314.8320269681377
-384.71566790882116
-425.73424259455294
-606.7105688196872
-342.08961489547124
-410.60648845791525
-309.52417034951
-370.5091234045244
-438.21769586446123
-410.7336730186488
-619.1972786880383
-394.94194579416114
-514.1365108447603
-330.24737980834726
-376.003630714112
-409.428099431129
-419.3498855300188
-374.0020088188086
-422.01843835691676
-500.4761170459009
-918.012907711861
-306.3708869101563
-654.8954633582448
-398.47135836817415
-575.7595136806661
-383.4478802028899
-413.06500840814437
-510.12992643831774
-373.3927909710333
-530.4927245023628
-326.77430501646955
-404.22446864128506
-628.0925221161225
-458.7445171761267
-466.7595113658881
-395.39505106997655
-500.6361545653284
-649.2722241897869
-497.5188464348991
-509.67094550955875
-412.84655589111145
-617.4831172058032
-388.45957533868284
-311.74047985788434
-408.9825946130772
-307.1394494012415
-466.6586548985671
-419.4220075541667
-470.2185655427038
-320.873540693156
-394.21414697147895
-416.3758297464727
-445.8409529575253
-404.17441995471177
-530.3430753620767
-308.64493977403106
-620.9635043996964
-387.3128353663049
-408.32382550290623
-990.6992766085294
-395.0051211922235
-651.6314777743854
-434.18400285714813
-420.0919831044387
-417.61102712286237
-403.89689020804036
-401.402393705676
-370.0934646150032
-310.0518553486067
-517.7700278103613
-384.56890381877975
-460.46755236767393
-429.44848210872664
-527.8065811209862
-400.21750686051143
-308.62646420730715
-471.86194561449776
-393.26402752984495
-539.4983443455254
-390.13058172012063
-576.26086424226
-319.99009713656125
-309.35765466236825
-371.1380293507266
-375.7694556308276
-385.12386192612576
-437.0631639040157
-421.0250489193888
-399.8437877319978
-386.21737001580664
-586.2367598505178
-596.822548544876
-484.6126309733299
-586.9317966049564
-311.72511511631774
-678.7566068980975
-411.89073840684244
-590.4378571268285
-534.5837978173054
-469.8831319542072
-402.71665382586383
-322.3399741848209
-403.72519917194086
-496.6747639118154
-410.9604808724631
-426.05703249475755
-472.9513727664507
-543.12176144074
-313.6778869061575
-439.8034495572866
-416.54792567464006
-383.2678028168309
-482.3003795162873
-400.6951974262609
-411.9331052129875
-386.0381218850731
-409.28169933616846
-310.0706491440976
-383.8472464863031
-666.0196021464385
-381.9452001896689
-402.6702387708831
-428.5346511111752
-507.8562560262101
-393.1374003871694
-491.1300703763425
-436.0622450352822
-386.3467024493146
-562.9872490342706
-387.7615447334392
-397.84485742914103
-346.7269567644268
-366.2609432804515
-418.7995220747915
-390.21145095081687
-390.1086257501013
-514.7037503865781
-408.47370790315745
-312.35350183594886
-454.2710590686727
-408.6447276389757
-1097.946876639521
-482.5396488569272
-402.52142543672016
-476.21766168778
-437.7887345154893
-465.12863108742664
-316.91560963234247
-397.0631707115411
-429.9540525992799
-532.5589333436428
-768.7643330072541
-299.1842485113038
-699.3201552581498
-372.69856575087556
-610.8730210623294
-412.233968772529
-510.2731458604693
-304.9767888096616
-343.6107411675989
-410.24279597688127
-396.17549253977353
-374.1012541470543
-415.6057985764637
-593.5091919774486
-399.6513618873631
-428.54628067129204
-383.2039326150773
-498.4434465202692
-599.4081363019012
-374.26819773691636
-751.1729449698341
-374.51279972079806
-383.0625925216891
-427.23323382596453
-415.2219377318992
-393.9841425886636
-315.13180755175125
-451.95072087220706
-377.03017172852464
-506.07535858516337
-551.6798239668532
-511.60719043754017
-378.14833991933347
-420.89983281991084
-521.6577398669331
-423.28721939614854
-530.5676951703846
-891.5766517669864
-312.7646509826419
-381.3867672096041
-521.5776000844481
-333.6603441872088
-502.33048616583676
-426.5856778621022
-394.12829125656253
-532.1130808498804
-307.60649566821644
-338.09268641091256
-394.65724346528015
-417.6026356824643
-483.73282867206797
-316.06731305500136
-820.4248902783917
-645.4403929729992
-402.53101121317786
-460.3864708641989
